Processing Walking
0,1309908654699,-0.44122028
1,1309908654699,-0.44122028
2,1309908654699,-0.44122028
3,1309908654699,-0.44122028
4,1309908654699,-0.44122028
5,1309908654699,-0.44122028
6,1309908654703,-0.40473366
7,1309908654728,-0.21318722
8,1309908654752,0.18311882
9,1309908654777,0.49082565
10,1309908654803,0.7678423
11,1309908654827,1.0005684
12,1309908654852,1.0527029
13,1309908654878,1.0769081
14,1309908654902,0.19934559
15,1309908654927,-0.15396023
16,1309908654952,-0.38003922
17,1309908654978,-0.8802872
18,1309908655002,-1.0535355
19,1309908655028,-1.1573877
20,1309908655052,-0.35833645
21,1309908655078,-0.01588726
22,1309908655102,0.55702114
23,1309908655127,0.27789402
24,1309908655152,0.049293518
25,1309908655178,-0.1292181
26,1309908655202,-0.14822388
27,1309908655228,-0.13295078
28,1309908655252,0.08592987
29,1309908655278,0.17973614
30,1309908655302,0.10062313
31,1309908655327,0.06157303
32,1309908655352,0.03578949
33,1309908655378,0.07051659
34,1309908655402,-0.028222084
35,1309908655427,-0.15639305
36,1309908655452,-0.1146698
37,1309908655477,-0.019501686
38,1309908655502,0.17018032
39,1309908655528,0.41386795
40,1309908655552,0.75659657
41,1309908655577,0.7348337
42,1309908655602,0.5028343
43,1309908655628,0.2564726
44,1309908655652,0.13904285
45,1309908655678,0.13378716
46,1309908655702,0.06335926
47,1309908655727,-0.04499054
48,1309908655752,-0.12135601
49,1309908655778,-0.311697
50,1309908655802,-0.32737637
51,1309908655827,-0.46026516
52,1309908655852,-0.64965725
53,1309908655877,-0.9167814
54,1309908655902,-0.5542002
55,1309908655928,-0.041790962
56,1309908655952,0.50781345
57,1309908655978,0.74335766
58,1309908656002,0.51907253
59,1309908656027,0.2803011
60,1309908656052,0.112543106
61,1309908656078,0.16683865
62,1309908656102,0.037672043
63,1309908656127,-0.13191223
64,1309908656153,-0.2988119
65,1309908656178,-0.36211967
66,1309908656202,-0.27150154
67,1309908656227,-0.26673222
68,1309908656253,-0.15190506
69,1309908656277,0.040078163
70,1309908656303,0.22931576
71,1309908656327,0.38239193
72,1309908656352,0.6271219
73,1309908656378,0.7358904
74,1309908656402,0.69351864
75,1309908656428,0.6256132
76,1309908656452,0.57789326
77,1309908656477,0.57450867
78,1309908656502,0.25832748
79,1309908656528,-0.12720871
80,1309908656552,-0.58797646
81,1309908656578,-0.7854481
82,1309908656602,-0.7471657
83,1309908656627,-0.5631752
84,1309908656653,-0.42867184
85,1309908656677,0.15848064
86,1309908656702,0.4918928
87,1309908656728,0.74717045
88,1309908656752,0.26873207
89,1309908656778,0.06368637
90,1309908656802,-0.0629549
91,1309908656827,-0.17431355
92,1309908656852,-0.25169468
93,1309908656878,-0.44993782
94,1309908656902,-0.2957163
95,1309908656927,-0.12756443
96,1309908656952,-0.07262325
97,1309908656978,0.016038895
98,1309908657002,0.1543541
99,1309908657028,0.30428314
100,1309908657052,0.3534336
101,1309908657078,0.3744974
102,1309908657102,0.74256134
103,1309908657127,0.61509705
104,1309908657152,0.506567
105,1309908657178,0.0073013306
106,1309908657202,-0.025079727
107,1309908657228,0.04303074
108,1309908657252,0.22321701
109,1309908657278,0.30043983
110,1309908657302,4.940033E-4
111,1309908657327,0.10246086
112,1309908657352,0.18949509
113,1309908657378,0.4648943
114,1309908657402,0.5004139
115,1309908657427,0.48442173
116,1309908657452,0.31643486
117,1309908657478,0.24444008
118,1309908657502,0.110510826
119,1309908657527,0.14112854
120,1309908657552,0.17483044
121,1309908657577,0.15847683
122,1309908657602,0.103544235
123,1309908657628,0.0407753
124,1309908657652,0.032732964
125,1309908657678,0.029286385
126,1309908657702,0.044491768
127,1309908657727,-0.07408714
128,1309908657753,-0.16664314
129,1309908657777,0.03906727
130,1309908657802,0.1702509
131,1309908657828,0.27725124
132,1309908657852,0.18143272
133,1309908657878,0.14036655
134,1309908657902,0.16557598
135,1309908657927,0.05126667
136,1309908657952,-0.034202576
137,1309908657978,-0.3371315
138,1309908658002,-0.3943472
139,1309908658027,-0.39893913
140,1309908658053,-0.20428371
141,1309908658078,-0.13044834
142,1309908658102,-0.085790634
143,1309908658127,0.25184155
144,1309908658152,0.49965954
145,1309908658178,0.7164011
146,1309908658202,0.01756382
147,1309908658228,-0.8833189
148,1309908658252,-0.8668375
149,1309908658278,-0.85977364
150,1309908658302,-0.031336784
151,1309908658327,-0.42101574
152,1309908658352,-0.7412653
153,1309908658378,-0.27229404
154,1309908658402,0.09578037
155,1309908658428,0.44449997
156,1309908658452,0.34673977
157,1309908658478,0.304842
158,1309908658502,-0.04113102
159,1309908658527,-0.34737682
160,1309908658552,-0.5602732
161,1309908658578,-0.6698952
162,1309908658602,-0.6119385
163,1309908658628,-0.517457
164,1309908658652,-0.06834698
165,1309908658678,0.12412834
166,1309908658702,0.54321957
167,1309908658727,0.6900854
168,1309908658752,0.7823353
169,1309908658778,0.7354708
170,1309908658802,1.1052713
171,1309908658828,1.5673561
172,1309908658852,1.549119
173,1309908658878,1.5413027
174,1309908658902,-1.3728676
175,1309908658927,-1.958919
176,1309908658952,-2.2787213
177,1309908658978,-1.3705997
178,1309908659002,-0.6789026
179,1309908659028,-0.029362679
180,1309908659052,0.37445927
181,1309908659078,0.5475254
182,1309908659102,0.50307083
183,1309908659127,0.3792467
184,1309908659152,0.2894535
185,1309908659178,-0.11025238
186,1309908659202,-0.046617508
187,1309908659227,0.117370605
188,1309908659252,-0.14783764
189,1309908659278,-0.28044033
190,1309908659302,-0.7072115
191,1309908659327,-0.6406164
192,1309908659352,-0.57387066
193,1309908659378,-0.09054947
194,1309908659402,-0.15897274
195,1309908659428,-0.34684753
196,1309908659452,-0.72076607
197,1309908659477,-1.3360271
198,1309908659502,-2.0065207
199,1309908659528,-2.2140927
200,1309908659552,-1.8296261
201,1309908659578,-1.651123
202,1309908659602,0.6902857
203,1309908659628,2.3604765
204,1309908659652,3.3902817
205,1309908659677,1.7340984
206,1309908659702,1.3645077
207,1309908659728,1.4076757
208,1309908659752,0.91031075
209,1309908659778,0.67083836
210,1309908659802,-0.36754322
211,1309908659827,-0.462965
212,1309908659852,-0.47164154
213,1309908659878,-0.37679863
214,1309908659902,-0.40507126
215,1309908659927,-0.46008492
216,1309908660074,-0.29515076
217,1309908660074,-0.29515076
218,1309908660074,-0.29515076
219,1309908660074,-0.29515076
220,1309908660074,-0.29515076
221,1309908660077,-0.48109436
222,1309908660102,-0.37045193
223,1309908660127,0.26400948
224,1309908660153,-0.11625004
225,1309908660177,-0.9518204
226,1309908660202,-0.6890297
227,1309908660228,-0.5722332
228,1309908660252,0.3560028
229,1309908660277,0.41661358
230,1309908660302,0.5976858
231,1309908660328,0.71601295
232,1309908660352,0.5748377
233,1309908660377,0.22511196
234,1309908660402,-0.027889252
235,1309908660428,-0.12485123
236,1309908660452,-0.032793045
237,1309908660477,0.100634575
238,1309908660502,-0.17541504
239,1309908660528,-0.29372215
240,1309908660552,-0.463686
241,1309908660577,-0.3904686
242,1309908660602,-0.32973957
243,1309908660628,-0.5653734
244,1309908660652,-0.4505148
245,1309908660678,-0.34622192
246,1309908660702,0.2262764
247,1309908660727,0.6051426
248,1309908660753,0.86297894
249,1309908660777,0.81832695
250,1309908660802,0.41669846
251,1309908660828,-0.06260586
252,1309908660852,-0.39038277
253,1309908660878,-0.530859
254,1309908660902,0.030323029
255,1309908660927,-0.01493454
Finding Upper-band Group Highest Peaks
		Upper Band Peak: 171, t=4.129
	First Peak of Group: 171, t=4.129
		Upper Band Peak: 204, t=4.953
	First Peak of Group: 204, t=4.953
		Upper Band Peak: 207, t=5.029
Total Peaks Found: 2
Removing peaks that are too close
Highest Peak = 204, t=4.953
	Filtering Rightwards
		Current Peak = 204, t=4.953
			Removing all peaks too close on the right
	Filtering Leftwards
		Current Peak = 204, t=4.953
			Removing all peaks too close on the left
				Processing 171, t=4.129
					Reached peak that is too far
		Current Peak = 171, t=4.129
			Removing all peaks too close on the right
				Processing 204, t=4.953
					Reached peak that is too far
			Removing all peaks too close on the left
Peaks after filtering:
	171, t=4.129
	204, t=4.953
Peaks Found=2
Peak[0]: 171, t=4.129
	Next Peak 204, t=4.953
		Step-duration (824ms) not within required limits [400ms..714ms]!
Peak[1]: 204, t=4.953
	Next Peak null
Final Height Found = 0.0
Final Speed  Found = 0.0
