Processing Walking
0,1309908865429,-0.1586256
1,1309908865429,-0.1586256
2,1309908865429,-0.1586256
3,1309908865429,-0.1586256
4,1309908865429,-0.1586256
5,1309908865429,-0.1586256
6,1309908865437,-0.094792366
7,1309908865461,0.026251793
8,1309908865487,-0.021731377
9,1309908865511,0.07659054
10,1309908865536,0.12757301
11,1309908865561,0.18214703
12,1309908865587,0.0011091232
13,1309908865611,-0.14413357
14,1309908865636,-0.049717903
15,1309908865662,0.02911663
16,1309908865686,-0.02618599
17,1309908865711,-0.16360855
18,1309908865736,-0.38979816
19,1309908865762,-0.424963
20,1309908865787,-0.3988285
21,1309908865811,-0.35329247
22,1309908865836,-0.71594334
23,1309908865862,-1.3649397
24,1309908865886,-1.5633073
25,1309908865912,-1.4618392
26,1309908865936,-1.4308939
27,1309908865961,-1.4136877
28,1309908865987,-1.3923273
29,1309908866011,-0.9404745
30,1309908866036,-0.3363676
31,1309908866061,-0.008922577
32,1309908866088,0.148736
33,1309908866111,-2.095728
34,1309908866136,-1.8747044
35,1309908866162,-0.12099743
36,1309908866187,1.8433065
37,1309908866211,2.282195
38,1309908866236,2.4935122
39,1309908866261,-0.11330128
40,1309908866287,-0.55093956
41,1309908866311,-0.7181864
42,1309908866336,-0.5541382
43,1309908866361,-0.40936565
44,1309908866388,-0.33001995
45,1309908866411,-0.4769373
46,1309908866436,-0.21957874
47,1309908866461,7.3337555E-4
48,1309908866487,0.06479359
49,1309908866511,0.28884888
50,1309908866536,0.6647053
51,1309908866562,0.86739445
52,1309908866586,0.53828335
53,1309908866612,-0.1395483
54,1309908866636,-0.21508503
55,1309908866661,-0.21758175
56,1309908866686,0.3167448
57,1309908866712,0.6369448
58,1309908866736,0.6197767
59,1309908866761,0.4074049
60,1309908866786,0.17485714
61,1309908866812,7.972717E-4
62,1309908866836,-0.14675331
63,1309908866861,-0.2521553
64,1309908866886,-0.16726398
65,1309908866912,0.07169056
66,1309908866936,0.25541306
67,1309908866961,0.31326675
68,1309908866986,0.44536114
69,1309908867012,0.35548878
70,1309908867037,0.20528316
71,1309908867061,0.043328285
72,1309908867086,-0.03464985
73,1309908867111,-0.084207535
74,1309908867136,-0.011805534
75,1309908867161,0.05071926
76,1309908867186,0.043087006
77,1309908867212,0.042744637
78,1309908867237,0.04465866
79,1309908867261,0.022135735
80,1309908867286,0.011292458
81,1309908867311,0.04204464
82,1309908867337,0.20597076
83,1309908867361,0.32529163
84,1309908867387,0.066319466
85,1309908867411,-0.0054922104
86,1309908867436,-0.028326988
87,1309908867462,0.0176754
88,1309908867486,0.03739071
89,1309908867511,-0.19017315
90,1309908867537,-0.062125206
91,1309908867561,0.046156883
92,1309908867586,0.022537231
93,1309908867612,0.09348583
94,1309908867637,0.18741703
95,1309908867661,0.19111156
96,1309908867686,0.19289112
97,1309908867711,0.12162876
98,1309908867737,0.07322121
99,1309908867761,0.04171276
100,1309908867786,-0.09284687
101,1309908867812,-0.11907768
102,1309908867836,-0.110022545
103,1309908867861,0.0353899
104,1309908867886,0.1054039
105,1309908867911,-0.21964073
106,1309908867936,-0.028918266
107,1309908867962,0.14869022
108,1309908867986,0.020038605
109,1309908868012,0.14919758
110,1309908868037,0.34636784
111,1309908868061,0.077233315
112,1309908868086,-0.052350044
113,1309908868111,0.023581505
114,1309908868137,-0.0029115677
115,1309908868161,-0.02704525
116,1309908868186,0.06017971
117,1309908868212,0.072380066
118,1309908868237,0.06063938
119,1309908868261,0.082772255
120,1309908868286,0.09342861
121,1309908868311,-0.0069332123
122,1309908868337,0.024411201
123,1309908868361,0.053593636
124,1309908868386,0.09152222
125,1309908868412,0.08753395
126,1309908868436,0.071068764
127,1309908868462,-0.06363678
128,1309908868486,-0.05031109
129,1309908868511,-0.03153515
130,1309908868537,-0.008111954
131,1309908868561,0.037270546
132,1309908868586,0.09194946
133,1309908868611,0.07482433
134,1309908868638,0.06657791
135,1309908868661,-0.024064064
136,1309908868686,0.059452057
137,1309908868711,0.13379574
138,1309908868737,-0.016108513
139,1309908868761,0.0034799576
140,1309908868786,0.07300472
141,1309908868811,0.064658165
142,1309908868836,0.06063938
143,1309908868862,0.071694374
144,1309908868886,0.029381752
145,1309908868911,-0.007634163
146,1309908868937,0.0043525696
147,1309908868961,0.0669508
148,1309908868986,0.14820194
149,1309908869012,-5.464554E-4
150,1309908869036,-0.06429577
151,1309908869061,0.1272459
152,1309908869086,0.14329052
153,1309908869111,0.14371109
154,1309908869136,0.1154356
155,1309908869162,0.08373928
156,1309908869188,0.053639412
157,1309908869211,0.013422012
158,1309908869236,0.022776604
159,1309908869262,-0.036260605
160,1309908869287,-0.11456013
161,1309908869311,-0.04669094
162,1309908869336,-0.01401329
163,1309908869361,0.17108059
164,1309908869386,0.11212635
165,1309908869411,0.0516119
166,1309908869436,0.17475033
167,1309908869461,0.1142292
168,1309908869486,-0.022554398
169,1309908869511,0.14407444
170,1309908869536,0.22430325
171,1309908869561,0.1170454
172,1309908869587,0.10926151
173,1309908869611,0.109936714
174,1309908869636,-0.027054787
175,1309908869662,0.0090408325
176,1309908869687,0.095015526
177,1309908869711,0.027797699
178,1309908869736,-0.0045671463
179,1309908869762,-0.09684563
180,1309908869786,-0.055604935
181,1309908869811,-0.01401329
182,1309908869836,0.07923508
183,1309908869862,0.055903435
184,1309908869886,-0.0038728714
185,1309908869911,-0.06107998
186,1309908869936,-0.10768604
187,1309908869962,0.0325346
188,1309908869986,0.06901741
189,1309908870011,0.08741093
190,1309908870036,0.11966705
191,1309908870062,0.07485676
192,1309908870086,0.07843113
193,1309908870111,0.1366663
194,1309908870136,0.08214474
195,1309908870162,0.05753994
196,1309908870187,0.044127464
197,1309908870211,0.06832409
198,1309908870236,0.079974174
199,1309908870261,0.033463478
200,1309908870286,0.043863297
201,1309908870311,0.056102753
202,1309908870337,0.037755966
203,1309908870361,0.03461647
204,1309908870386,0.03579998
205,1309908870412,0.017661095
206,1309908870436,0.009887695
207,1309908870461,0.037492752
208,1309908870487,0.042313576
209,1309908870511,0.04422283
210,1309908870536,0.046578407
211,1309908870562,0.07810879
212,1309908870587,0.11592579
213,1309908870611,0.073586464
214,1309908870636,0.053199768
215,1309908870661,0.08630085
216,1309908870687,0.10868168
217,1309908870711,0.12324047
218,1309908870736,0.04928589
219,1309908870762,-0.009973526
220,1309908870787,-0.059804916
221,1309908870811,0.05099106
222,1309908870836,0.10844135
223,1309908870861,-0.068406105
224,1309908870887,-0.05188179
225,1309908870911,-0.023928642
226,1309908870936,0.07472324
227,1309908870961,0.06473255
228,1309908870988,0.038232803
229,1309908871011,0.01331234
230,1309908871036,0.08165264
231,1309908871061,0.13922119
232,1309908871087,0.08663845
233,1309908871111,0.06723499
234,1309908871136,0.05607319
235,1309908871162,0.12884712
236,1309908871186,0.16003609
237,1309908871211,0.011862755
238,1309908871236,-0.006155014
239,1309908871261,-0.01106739
240,1309908871286,0.037877083
241,1309908871312,0.083706856
242,1309908871337,0.12476635
243,1309908871361,0.073366165
244,1309908871386,0.048618317
245,1309908871411,0.016902924
246,1309908871437,0.044400215
247,1309908871461,0.06662464
248,1309908871486,0.07021713
249,1309908871511,0.048558235
250,1309908871537,0.0517807
251,1309908871561,0.07855129
252,1309908871586,0.029569626
253,1309908871611,0.05960083
254,1309908871637,0.098174095
255,1309908871661,0.1063385
Finding Upper-band Group Highest Peaks
		Upper Band Peak: 38, t=0.807
	First Peak of Group: 38, t=0.807
Total Peaks Found: 1
Removing peaks that are too close
Highest Peak = 38, t=0.807
	Filtering Rightwards
		Current Peak = 38, t=0.807
			Removing all peaks too close on the right
	Filtering Leftwards
		Current Peak = 38, t=0.807
			Removing all peaks too close on the left
Peaks after filtering:
	38, t=0.807
Peaks Found=1
Final Height Found = 0.0
Final Speed  Found = 0.0
