Processing Walking
0,1309909858869,0.01725769
1,1309909858869,0.01725769
2,1309909858869,0.01725769
3,1309909858869,0.01725769
4,1309909858869,0.01725769
5,1309909858869,0.01725769
6,1309909858876,0.021911621
7,1309909858902,0.020897865
8,1309909858926,-0.014805794
9,1309909858952,0.011285782
10,1309909858976,0.039014816
11,1309909859001,0.06885624
12,1309909859026,0.08448315
13,1309909859052,0.058973312
14,1309909859076,0.014303207
15,1309909859102,0.001625061
16,1309909859126,0.06261921
17,1309909859151,0.03675461
18,1309909859177,-0.0034456253
19,1309909859201,-0.011547089
20,1309909859226,-0.0093688965
21,1309909859252,-9.4509125E-4
22,1309909859276,0.023514748
23,1309909859302,0.04326248
24,1309909859326,0.0016088486
25,1309909859352,-0.029972076
26,1309909859376,-0.013644218
27,1309909859401,0.029128075
28,1309909859427,0.04710388
29,1309909859451,0.032853127
30,1309909859476,0.017802238
31,1309909859501,-0.0151081085
32,1309909859527,0.026218414
33,1309909859552,0.057227135
34,1309909859576,0.0787344
35,1309909859601,0.09530163
36,1309909859627,0.020736694
37,1309909859651,3.080368E-4
38,1309909859676,0.011665344
39,1309909859702,0.027705193
40,1309909859726,0.033880234
41,1309909859751,0.028738976
42,1309909859776,0.028741837
43,1309909859802,0.046193123
44,1309909859826,0.053542137
45,1309909859851,0.040434837
46,1309909859876,0.017802238
47,1309909859902,0.032841682
48,1309909859926,0.058950424
49,1309909859951,0.09238434
50,1309909859976,0.09120369
51,1309909860003,0.04864025
52,1309909860027,0.018585205
53,1309909860051,0.018585205
54,1309909860076,0.008296967
55,1309909860102,0.039598465
56,1309909860126,0.06152153
57,1309909860151,0.10200024
58,1309909860177,0.069844246
59,1309909860201,0.03960991
60,1309909860226,0.043148994
61,1309909860251,0.02104187
62,1309909860277,-0.0053243637
63,1309909860301,9.880066E-4
64,1309909860326,0.03210163
65,1309909860352,0.05695057
66,1309909860376,0.04428196
67,1309909860401,0.0563488
68,1309909860427,0.035655975
69,1309909860451,0.015094757
70,1309909860476,-0.003651619
71,1309909860501,0.011187553
72,1309909860527,0.03313732
73,1309909860551,0.03887272
74,1309909860577,0.03853321
75,1309909860601,0.03498745
76,1309909860626,0.03278351
77,1309909860651,0.03278351
78,1309909860676,0.062672615
79,1309909860702,0.08728409
80,1309909860726,0.10522556
81,1309909860752,0.09526539
82,1309909860776,0.048898697
83,1309909860801,-0.027710915
84,1309909860826,-0.01206398
85,1309909860852,0.023163795
86,1309909860876,0.038041115
87,1309909860902,0.030960083
88,1309909860926,0.022829056
89,1309909860951,0.066981316
90,1309909860977,0.08597374
91,1309909861001,0.084386826
92,1309909861026,0.06425381
93,1309909861052,0.02780819
94,1309909861076,-0.00789547
95,1309909861101,0.0066080093
96,1309909861126,0.036895752
97,1309909861152,0.073085785
98,1309909861176,0.07876587
99,1309909861202,0.040355682
100,1309909861226,-0.017849922
101,1309909861251,-0.015109062
102,1309909861276,0.039162636
103,1309909861302,0.07835102
104,1309909861326,0.057810783
105,1309909861352,0.004880905
106,1309909861376,-0.0021457672
107,1309909861401,0.02787304
108,1309909861427,0.063238144
109,1309909861451,0.05474186
110,1309909861476,0.025149345
111,1309909861502,0.019677162
112,1309909861526,0.06915188
113,1309909861551,0.06844711
114,1309909861577,0.0278759
115,1309909861601,-0.0053071976
116,1309909861626,-0.017575264
117,1309909861652,-0.013272285
118,1309909861676,-0.009056091
119,1309909861701,0.039936066
120,1309909861726,0.02570343
121,1309909861752,-0.00491333
122,1309909861776,0.005818367
123,1309909861802,0.02677536
124,1309909861826,-0.024382591
125,1309909861851,0.015275955
126,1309909861877,0.040846825
127,1309909861901,0.059677124
128,1309909861926,0.062407494
129,1309909861952,0.03490925
130,1309909861976,-0.01288414
131,1309909862001,-0.031856537
132,1309909862027,-0.027223587
133,1309909862051,-0.016038895
134,1309909862076,0.015028954
135,1309909862102,0.045025826
136,1309909862126,0.028167725
137,1309909862151,0.0043354034
138,1309909862177,-0.003610611
139,1309909862201,-0.016737938
140,1309909862226,-0.018632889
141,1309909862251,-0.008267403
142,1309909862276,-0.012866974
143,1309909862302,-6.752014E-4
144,1309909862326,0.028007507
145,1309909862351,0.057688713
146,1309909862376,0.060754776
147,1309909862402,0.04651165
148,1309909862427,0.028167725
149,1309909862451,0.03516388
150,1309909862476,0.03853321
151,1309909862501,0.029885292
152,1309909862527,0.023103714
153,1309909862551,0.018585205
154,1309909862576,0.026877403
155,1309909862602,0.018943787
156,1309909862627,0.006713867
157,1309909862651,0.022482872
158,1309909862676,0.030075073
159,1309909862701,3.452301E-4
160,1309909862727,0.008383751
161,1309909862751,0.017079353
162,1309909862776,0.105101585
163,1309909862802,0.09167385
164,1309909862826,0.06589413
165,1309909862851,0.062654495
166,1309909862876,0.07707405
167,1309909862902,0.18050194
168,1309909862926,0.22972679
169,1309909862951,0.18020058
170,1309909862976,0.102856636
171,1309909863002,0.17820072
172,1309909863026,0.21049118
173,1309909863051,0.33559513
174,1309909863076,0.17968369
175,1309909863102,0.043821335
176,1309909863126,-0.18546104
177,1309909863152,-0.19299316
178,1309909863177,-0.1321392
179,1309909863201,0.0092659
180,1309909863226,0.07735062
181,1309909863251,0.1656475
182,1309909863277,0.2257595
183,1309909863301,0.26489925
184,1309909863326,0.028393745
185,1309909863352,-0.038635254
186,1309909863377,-0.04829502
187,1309909863401,0.05395031
188,1309909863426,0.10317993
189,1309909863451,0.14217949
190,1309909863476,0.025936127
191,1309909863502,-0.071759224
192,1309909863526,-0.20587444
193,1309909863552,-0.25634193
194,1309909863577,-0.2770462
195,1309909863601,-0.15618324
196,1309909863626,-0.097990036
197,1309909863651,-0.15542698
198,1309909863677,-0.19181442
199,1309909863701,-0.21526718
200,1309909863727,-0.14652634
201,1309909863751,-0.12788963
202,1309909863776,-0.12493038
203,1309909863801,-0.14206219
204,1309909863828,-0.15062809
205,1309909863851,-0.114144325
206,1309909863876,-0.14237213
207,1309909863901,-0.16788864
208,1309909863927,-0.17988014
209,1309909863951,-0.1648283
210,1309909863976,-0.14102268
211,1309909864002,-0.123280525
212,1309909864026,-0.115675926
213,1309909864051,-0.12912846
214,1309909864077,-0.13572979
215,1309909864101,-0.13980198
216,1309909864126,-0.114346504
217,1309909864152,-0.08399677
218,1309909864178,-0.054680824
219,1309909864201,-0.040177345
220,1309909864226,-0.0021629333
221,1309909864251,0.029276848
222,1309909864276,-0.045697212
223,1309909864301,-0.072854996
224,1309909864326,-0.0834198
225,1309909864351,-0.074344635
226,1309909864378,-0.06997681
227,1309909864401,-0.06997681
228,1309909864426,-0.09918785
229,1309909864451,-0.087545395
230,1309909864477,-0.08621502
231,1309909864501,-0.09988403
232,1309909864526,-0.11981106
233,1309909864552,-0.09537315
234,1309909864576,-0.065169334
235,1309909864601,-0.04928112
236,1309909864626,-0.092199326
237,1309909864652,-0.097652435
238,1309909864676,-0.084939
239,1309909864701,-0.07114506
240,1309909864727,-0.09011173
241,1309909864751,-0.07947636
242,1309909864776,-0.059646606
243,1309909864802,-0.07895088
244,1309909864826,-0.08722401
245,1309909864851,-0.08722401
246,1309909864876,-0.08722401
247,1309909864902,-0.1051054
248,1309909864926,-0.1075449
249,1309909864951,-0.11925411
250,1309909864977,-0.10522747
251,1309909865001,-0.09297371
252,1309909865026,-0.09850216
253,1309909865051,-0.110212326
254,1309909865076,-0.12479305
255,1309909865101,-0.104109764
Finding Upper-band Group Highest Peaks
Total Peaks Found: 0
Peaks after filtering:
Peaks Found=0
Final Height Found = 0.0
Final Speed  Found = 0.0
