Processing Walking
0,1309909587930,-0.93560123
1,1309909587930,-0.93560123
2,1309909587930,-0.93560123
3,1309909587930,-0.93560123
4,1309909587930,-0.93560123
5,1309909587930,-0.93560123
6,1309909587939,-0.8576517
7,1309909587964,-0.7277365
8,1309909587990,-0.29450035
9,1309909588014,-0.017093658
10,1309909588039,0.2230072
11,1309909588065,0.20495605
12,1309909588089,0.19873142
13,1309909588114,0.40134907
14,1309909588139,0.850893
15,1309909588165,1.1286926
16,1309909588189,0.6102991
17,1309909588214,0.19058418
18,1309909588239,-0.15507507
19,1309909588265,-0.23423004
20,1309909588289,-0.2572117
21,1309909588314,-0.84938145
22,1309909588339,-0.546463
23,1309909588365,-0.3478861
24,1309909588389,-0.73003864
25,1309909588414,-0.81034565
26,1309909588439,-0.8360586
27,1309909588465,0.49213028
28,1309909588489,0.92057705
29,1309909588514,-0.120046616
30,1309909588540,0.6223173
31,1309909588564,1.0529823
32,1309909588589,-0.062257767
33,1309909588614,-0.37664795
34,1309909588640,-0.53171825
35,1309909588664,0.16955853
36,1309909588689,0.40331745
37,1309909588715,-0.09556198
38,1309909588739,0.5565758
39,1309909588764,0.9641619
40,1309909588789,0.7378578
41,1309909588815,1.1106815
42,1309909588839,1.4772472
43,1309909588864,0.40166092
44,1309909588890,-0.18935013
45,1309909588914,-0.5380745
46,1309909588939,-0.97541714
47,1309909588964,-1.2553158
48,1309909588990,-1.1614981
49,1309909589014,-0.39130974
50,1309909589039,0.3681574
51,1309909589064,0.36192226
52,1309909589090,0.3952961
53,1309909589114,0.44847393
54,1309909589139,-0.67920303
55,1309909589164,-1.3558092
56,1309909589190,-0.7125807
57,1309909589214,-0.3566656
58,1309909589239,-0.0722208
59,1309909589264,-0.050092697
60,1309909589290,0.08389568
61,1309909589314,0.27381325
62,1309909589339,-0.42092514
63,1309909589364,-0.8377676
64,1309909589390,0.13280582
65,1309909589414,-0.009189606
66,1309909589439,-0.3378334
67,1309909589464,-0.204216
68,1309909589489,0.49647617
69,1309909589515,0.626503
70,1309909589539,0.010719299
71,1309909589564,0.2403059
72,1309909589589,0.33435917
73,1309909589615,0.014433861
74,1309909589639,-0.39597893
75,1309909589664,0.080616
76,1309909589689,0.34327698
77,1309909589715,0.20613289
78,1309909589739,0.03452301
79,1309909589764,-0.5021019
80,1309909589790,0.046242714
81,1309909589814,-0.08838463
82,1309909589839,-0.17404842
83,1309909589864,-0.004928589
84,1309909589889,0.21149445
85,1309909589915,-0.15929413
86,1309909589939,-0.36944675
87,1309909589964,-0.2539301
88,1309909589989,-0.035725594
89,1309909590015,0.11334133
90,1309909590039,0.12998295
91,1309909590064,0.093066216
92,1309909590090,0.6572609
93,1309909590114,0.4330063
94,1309909590139,-0.22305012
95,1309909590164,-0.5129299
96,1309909590189,-0.089323044
97,1309909590215,-0.077775955
98,1309909590239,-0.24630737
99,1309909590264,-0.107997894
100,1309909590289,-0.0076150894
101,1309909590315,0.034535408
102,1309909590339,0.08251095
103,1309909590364,0.6692257
104,1309909590390,0.51360893
105,1309909590414,0.18277836
106,1309909590439,0.17609406
107,1309909590464,0.2863407
108,1309909590489,0.10681152
109,1309909590515,-0.42567825
110,1309909590539,-0.89225864
111,1309909590564,-0.78860474
112,1309909590589,-0.23860264
113,1309909590614,0.42352295
114,1309909590640,0.8740969
115,1309909590664,0.9915247
116,1309909590689,0.792902
117,1309909590715,-0.14289379
118,1309909590739,-0.8467474
119,1309909590764,-0.9656086
120,1309909590789,-0.4842472
121,1309909590814,-0.08703804
122,1309909590840,-0.2565508
123,1309909590864,-0.3920822
124,1309909590889,-0.23073387
125,1309909590914,0.08183575
126,1309909590940,0.24781322
127,1309909590964,0.13976479
128,1309909590989,0.41561413
129,1309909591014,0.7199135
130,1309909591040,0.49572945
131,1309909591064,-0.132164
132,1309909591089,-0.77764034
133,1309909591114,-1.099289
134,1309909591140,-0.6494646
135,1309909591164,-0.35011768
136,1309909591189,-0.15644455
137,1309909591214,0.20797253
138,1309909591240,0.8363886
139,1309909591264,1.0635319
140,1309909591289,0.8344631
141,1309909591314,0.26891708
142,1309909591340,-0.6380911
143,1309909591364,-1.1821976
144,1309909591389,-1.1379128
145,1309909591414,-0.36401463
146,1309909591440,-0.5160742
147,1309909591464,-0.547842
148,1309909591489,-0.3117361
149,1309909591514,0.06514931
150,1309909591539,0.39793015
151,1309909591565,0.6959171
152,1309909591589,0.50709915
153,1309909591614,0.2989292
154,1309909591639,-0.38831043
155,1309909591665,-1.2824302
156,1309909591689,-1.8665948
157,1309909591714,-1.5158
158,1309909591739,-1.0145435
159,1309909591765,-0.24818897
160,1309909591789,0.11816883
161,1309909591814,-0.18455696
162,1309909591839,-0.8120651
163,1309909591864,-0.32514
164,1309909591890,-0.22344398
165,1309909591914,-0.60415363
166,1309909591939,-1.0076685
167,1309909591964,-0.46323967
168,1309909591990,-0.017982483
169,1309909592014,0.2653885
170,1309909592039,0.41775894
171,1309909592064,0.5296688
172,1309909592090,0.5596037
173,1309909592114,0.03951454
174,1309909592139,0.6633167
175,1309909592164,1.027009
176,1309909592189,0.69842625
177,1309909592215,-0.19774246
178,1309909592239,-0.9717655
179,1309909592264,-1.1456127
180,1309909592289,-0.974205
181,1309909592315,-0.65983963
182,1309909592339,-0.47638035
183,1309909592364,-0.13850403
184,1309909592389,0.4162779
185,1309909592415,0.44566727
186,1309909592439,-0.15040398
187,1309909592464,-0.5202961
188,1309909592489,-0.44945335
189,1309909592514,-0.22626686
190,1309909592540,-0.22390461
191,1309909592564,-0.43049812
192,1309909592589,0.19765663
193,1309909592614,0.89242554
194,1309909592640,0.6794071
195,1309909592664,-0.03768444
196,1309909592689,-0.6010847
197,1309909592714,-0.8649864
198,1309909592740,-0.7053795
199,1309909592764,-0.5332756
200,1309909592789,-0.45949936
201,1309909592815,-0.22269821
202,1309909592839,-0.028287888
203,1309909592864,0.38394356
204,1309909592889,0.9235449
205,1309909592915,1.6208944
206,1309909592939,0.83113575
207,1309909592964,0.14868736
208,1309909592989,0.18363953
209,1309909593014,0.6035862
210,1309909593040,0.7520027
211,1309909593064,0.36369324
212,1309909593089,0.07778835
213,1309909593114,0.044498444
214,1309909593140,0.5738859
215,1309909593164,0.8144884
216,1309909593189,0.39016914
217,1309909593214,0.83498573
218,1309909593240,2.454012
219,1309909593264,2.443427
220,1309909593289,1.3902493
221,1309909593314,0.30500412
222,1309909593340,-0.04960537
223,1309909593364,-0.20365143
224,1309909593389,-0.76540947
225,1309909593414,-0.42196465
226,1309909593439,0.36763954
227,1309909593465,1.0692787
228,1309909593489,1.3109837
229,1309909593514,1.3239088
230,1309909593539,0.8649273
231,1309909593565,0.13841629
232,1309909593589,-0.32822227
233,1309909593614,-0.19770432
234,1309909593639,0.69591904
235,1309909593664,1.9126701
236,1309909593690,6.876215
237,1309909593714,5.5664444
238,1309909593739,1.5416784
239,1309909593764,-1.2269201
240,1309909593790,-0.98065186
241,1309909593814,-1.7513556
242,1309909593839,-3.1232486
243,1309909593864,-2.3443995
244,1309909593889,-0.32695103
245,1309909593915,1.6711731
246,1309909593939,2.5474033
247,1309909593964,1.1620092
248,1309909593990,0.36999226
249,1309909594014,-0.41531563
250,1309909594039,-0.6632595
251,1309909594064,-0.48735237
252,1309909594089,-0.5920191
253,1309909594115,-2.0365477
254,1309909594139,-2.6783438
255,1309909594164,-2.3335814
Finding Upper-band Group Highest Peaks
		Upper Band Peak: 15, t=0.235
	First Peak of Group: 15, t=0.235
		Upper Band Peak: 42, t=0.909
	First Peak of Group: 42, t=0.909
		Upper Band Peak: 205, t=4.985
	First Peak of Group: 205, t=4.985
		Upper Band Peak: 218, t=5.31
	First Peak of Group: 218, t=5.31
		Upper Band Peak: 229, t=5.584
	First Peak of Group: 229, t=5.584
		Upper Band Peak: 236, t=5.76
	First Peak of Group: 236, t=5.76
		Upper Band Peak: 246, t=6.009
	First Peak of Group: 246, t=6.009
Total Peaks Found: 7
Removing peaks that are too close
Highest Peak = 236, t=5.76
	Filtering Rightwards
		Current Peak = 236, t=5.76
			Removing all peaks too close on the right
				Processing 246, t=6.009
					Removing 246, t=6.009 (too close)
	Filtering Leftwards
		Current Peak = 236, t=5.76
			Removing all peaks too close on the left
				Processing 229, t=5.584
					Removing 229, t=5.584 (too close)
				Processing 218, t=5.31
					New highest peak 218, t=5.31
				Processing 205, t=4.985
					Reached peak that is too far
		Current Peak = 218, t=5.31
			Removing all peaks too close on the right
			Removing all peaks too close on the left
				Processing 205, t=4.985
					Removing 205, t=4.985 (too close)
				Processing 42, t=0.909
					Reached peak that is too far
		Current Peak = 42, t=0.909
			Removing all peaks too close on the right
			Removing all peaks too close on the left
				Processing 15, t=0.235
					New highest peak 15, t=0.235
		Current Peak = 15, t=0.235
			Removing all peaks too close on the right
				Processing 42, t=0.909
					New highest peak 42, t=0.909
				Processing 218, t=5.31
					Reached peak that is too far
			Removing all peaks too close on the left
Peaks after filtering:
	15, t=0.235
	42, t=0.909
	218, t=5.31
	236, t=5.76
Peaks Found=4
Peak[0]: 15, t=0.235
	Next Peak 42, t=0.909
		zero-corsisngs=8
	Integrating from 13, t=0.184..44, t=0.96
		prob first minima=15, t=0.235
		prob maxima=22, t=0.409
		prob last minima=39, t=0.834
	first minima=15, t=0.235
	maxima=22, t=0.409
	last minima=39, t=0.834
	Found Height=0.00690837
Peak[1]: 42, t=0.909
	Next Peak 218, t=5.31
		Step-duration (4401ms) not within required limits [400ms..714ms]!
Peak[2]: 218, t=5.31
	Next Peak 236, t=5.76
		zero-corsisngs=4
	Integrating from 216, t=5.259..238, t=5.809
		prob first minima=229, t=5.584
	first minima=229, t=5.584
	maxima=null
	last minima=null
	Found Height=NaN
Peak[3]: 236, t=5.76
	Next Peak null
Final Height Found = 0.00690837
Final Speed  Found = 0.0
