Activity	HOR RANGE	VER RANGE	HOR MEAN	VER MEAN	HOR STD DEV	VER STD DEV	
CLASSIFIED/STATIONARY	0.07560191	0.08785248	0.029789144	10.119908	0.014949589	0.023215193	
CLASSIFIED/STATIONARY	0.12283041	0.14611626	0.035885513	10.122413	0.02307224	0.03006996	
CLASSIFIED/STATIONARY	0.18042986	0.1770277	0.037901033	10.120125	0.02721567	0.02342478	
CLASSIFIED/STATIONARY	0.12894902	0.10862923	0.037935853	10.126867	0.024885846	0.023571901	
CLASSIFIED/STATIONARY	0.117815524	0.08938599	0.043181818	10.115878	0.024807274	0.021910176	
CLASSIFIED/STATIONARY	0.17501846	0.15975285	0.050982974	10.124033	0.03071154	0.03214415	
CLASSIFIED/STATIONARY	0.13129692	0.16593361	0.054105923	10.100359	0.028329415	0.031229012	
CLASSIFIED/STATIONARY	7.849714	7.685711	3.994306	9.159185	1.4144369	1.0885458	
CLASSIFIED/STATIONARY	0.17693537	0.20413208	0.05021732	10.005316	0.03267928	0.045929592	
CLASSIFIED/STATIONARY	0.295475	0.29326057	0.10501256	10.0008135	0.052924864	0.05132066	
CLASSIFIED/STATIONARY	0.18298408	0.21097851	0.044475704	10.02176	0.032188937	0.042519037	
CLASSIFIED/STATIONARY	0.32207024	0.3897457	0.05454643	10.024992	0.046731167	0.05200883	
CLASSIFIED/STATIONARY	0.40140185	0.611022	0.09666504	10.013413	0.06229097	0.08686913	
CLASSIFIED/STATIONARY	0.3099617	0.29624653	0.098860614	9.996286	0.052214492	0.058246344	
CLASSIFIED/STATIONARY	7.5193577	15.205127	7.5206413	4.5920773	1.668091	3.790275	
CLASSIFIED/STATIONARY	7.5193577	15.205127	7.5206413	4.5920773	1.668091	3.790275	
CLASSIFIED/STATIONARY	1.3419813	1.1056433	0.5176026	9.7755375	0.33760193	0.14031757	
CLASSIFIED/STATIONARY	0.17864814	0.19351482	0.109570965	9.812716	0.036659334	0.045101304	
CLASSIFIED/STATIONARY	0.1518547	0.17573643	0.08497983	9.813884	0.037267346	0.035290778	
CLASSIFIED/STATIONARY	0.17925113	0.20823765	0.07760512	9.824032	0.040360898	0.04225467	
CLASSIFIED/STATIONARY	0.31501833	0.2007637	0.12742093	9.826126	0.07723682	0.052458998	
CLASSIFIED/STATIONARY	0.20753518	0.1866293	0.0514531	9.838665	0.042941727	0.044665724	
CLASSIFIED/STATIONARY	0.31699184	0.30276012	0.12216971	9.794126	0.05499316	0.058506202	
CLASSIFIED/STATIONARY	1.0364214	0.4465294	0.3670865	9.995844	0.23641717	0.062187847	
CLASSIFIED/STATIONARY	2.0641525	0.7316265	0.27697742	9.983813	0.32087135	0.11113897	
CLASSIFIED/STATIONARY	0.22112036	0.17346478	0.06462148	9.957203	0.045527406	0.04030909	
CLASSIFIED/STATIONARY	0.15686333	0.22451591	0.0635272	9.975937	0.037710097	0.04752409	
CLASSIFIED/STATIONARY	0.15213758	0.18795681	0.06390428	9.982395	0.030047726	0.03592436	
CLASSIFIED/STATIONARY	0.23518126	0.18217754	0.04739303	9.99258	0.042120308	0.033797387	
CLASSIFIED/STATIONARY	0.1636818	0.10076141	0.024114333	9.972202	0.026060663	0.018914202	
CLASSIFIED/STATIONARY	2.62917	1.8703651	1.4746127	9.965483	0.5470352	0.2247334	
CLASSIFIED/STATIONARY	0.2885391	0.26112747	0.12310726	10.150022	0.061848417	0.06372725	
CLASSIFIED/STATIONARY	0.33138305	0.33759594	0.09734553	10.156087	0.054661397	0.066087745	
CLASSIFIED/STATIONARY	0.28612706	0.30244637	0.084278174	10.141178	0.051482126	0.06614049	
CLASSIFIED/STATIONARY	0.28827918	0.26568604	0.11845625	10.166249	0.07603869	0.05586074	
CLASSIFIED/STATIONARY	0.5555801	0.468462	0.11154878	10.166176	0.084927745	0.06947506	
CLASSIFIED/STATIONARY	0.23766164	0.30123234	0.10144122	10.163633	0.04898446	0.06150309	
CLASSIFIED/STATIONARY	0.32713136	0.2216034	0.11579254	10.034099	0.059977025	0.050741326	
CLASSIFIED/STATIONARY	0.2677554	0.23656273	0.11028745	10.030824	0.0539529	0.05061077	
CLASSIFIED/STATIONARY	0.768512	0.279109	0.23697099	10.041226	0.13331683	0.06748004	
CLASSIFIED/STATIONARY	0.36323044	0.19560432	0.086465016	10.007645	0.058627743	0.044919223	
CLASSIFIED/STATIONARY	0.40722805	0.19751358	0.11566438	10.006923	0.08002182	0.045851015	
CLASSIFIED/STATIONARY	0.6447449	0.26241398	0.24218151	10.019678	0.109568484	0.05040543	
CLASSIFIED/STATIONARY	0.51184237	0.32311344	0.20749702	10.008905	0.10656946	0.06660656	
CLASSIFIED/STATIONARY	3.9447691	1.0834913	0.17063077	10.033414	0.3461656	0.100597195	
CLASSIFIED/STATIONARY	0.2921618	0.23578262	0.10334136	10.017692	0.05632531	0.038508493	
CLASSIFIED/STATIONARY	0.55099744	1.0773067	0.26673657	9.984931	0.106863625	0.13391753	
CLASSIFIED/STATIONARY	0.28708917	0.54233074	0.12113036	9.996949	0.04719239	0.06543151	
CLASSIFIED/STATIONARY	2.017131	1.059763	0.86536443	9.930194	0.5047735	0.17234357	
CLASSIFIED/STATIONARY	0.67183983	0.2272358	0.18691453	9.87069	0.14980535	0.04309618	
CLASSIFIED/STATIONARY	2.9021943	3.5409665	0.90511423	9.836795	0.73954403	0.3977803	
CLASSIFIED/STATIONARY	9.2970085	18.296656	6.840528	6.0170217	1.8003436	4.034252	
CLASSIFIED/STATIONARY	21.69291	23.677748	8.78788	5.09433	4.0933723	4.1887913	
CLASSIFIED/STATIONARY	5.6434994	6.0516376	3.8662999	8.781402	1.8081548	1.1498905	
CLASSIFIED/STATIONARY	8.031451	6.6480637	3.879608	9.094458	1.7160395	1.2417951	
CLASSIFIED/STATIONARY	11.334159	8.253207	1.1525863	9.610806	1.6896577	1.0062001	
CLASSIFIED/STATIONARY	1.3312247	0.9292917	0.40066713	9.82434	0.2277023	0.14643432	
CLASSIFIED/STATIONARY	2.2449186	0.8707533	0.3296636	9.844716	0.457405	0.108140245	
CLASSIFIED/STATIONARY	0.20859781	0.288949	0.090503246	9.801476	0.07222705	0.07708081	
CLASSIFIED/STATIONARY	0.07643887	0.10858631	0.03328029	9.827187	0.019904844	0.03883371	
CLASSIFIED/STATIONARY	1.3672781	0.1956377	0.30027887	9.774357	0.3592887	0.046079885	
CLASSIFIED/STATIONARY	1.553656	0.66132355	0.6577421	9.8091	0.39153546	0.091946416	
CLASSIFIED/STATIONARY	0.14231151	0.49267578	0.046248045	9.808741	0.031494606	0.072042175	
CLASSIFIED/STATIONARY	0.1244164	0.09674358	0.04478828	9.825618	0.031260975	0.03235485	
CLASSIFIED/STATIONARY	6.8328743	13.426521	1.413694	10.0297785	1.6286057	1.7471634	
CLASSIFIED/STATIONARY	5.1623793	15.086524	1.9191976	10.005067	0.9945201	1.7507296	
CLASSIFIED/STATIONARY	0.0578766	0.15502739	0.033205353	10.194377	0.0137168905	0.031829234	
CLASSIFIED/STATIONARY	0.1459536	0.1275301	0.034095947	10.187897	0.016803052	0.026884306	
CLASSIFIED/STATIONARY	0.15418293	0.16472435	0.032696452	10.204907	0.02545642	0.030996246	
CLASSIFIED/STATIONARY	0.08986705	0.16410923	0.032865956	9.558507	0.018161234	0.032207135	
CLASSIFIED/STATIONARY	0.06484949	0.109726906	0.014567996	9.573159	0.01648206	0.013743621	
CLASSIFIED/STATIONARY	0.04497848	0.10883331	0.019251654	9.5733385	0.0153155085	0.00791106	
CLASSIFIED/STATIONARY	0.05245074	0.108828545	0.008253804	9.572807	0.012982191	0.008382952	
CLASSIFIED/STATIONARY	0.11954569	0.10883236	0.019523926	9.5729475	0.01886232	0.009883927	
CLASSIFIED/TRAVELLING	6.0116305	6.8347855	2.1546042	9.652356	1.7420706	1.1461675	
CLASSIFIED/TRAVELLING	3.7744768	10.313858	0.94812965	9.886244	0.669137	1.5737967	
CLASSIFIED/TRAVELLING	1.9085598	10.894256	0.69162226	9.846967	0.36824268	1.5467423	
CLASSIFIED/TRAVELLING	3.475025	10.323404	1.1839345	10.219785	0.6821075	1.4426228	
CLASSIFIED/TRAVELLING	1.5763547	0.67628	0.5221474	9.935147	0.3790966	0.10678522	
CLASSIFIED/TRAVELLING	1.5552447	0.6289568	0.45358706	9.953517	0.40230772	0.10721082	
CLASSIFIED/TRAVELLING	2.5126657	2.291216	1.611581	10.099298	0.7644642	0.4748685	
CLASSIFIED/TRAVELLING	2.7720783	5.7446256	1.0237169	9.396258	0.5167746	1.1858071	
CLASSIFIED/TRAVELLING	2.4941657	6.2948184	1.0351636	9.280548	0.5688684	1.1090429	
CLASSIFIED/TRAVELLING	2.8779738	5.9223204	1.0863287	9.38817	0.5579142	1.1612854	
CLASSIFIED/TRAVELLING	2.963207	6.462206	0.9949232	9.476232	0.61798877	1.2322495	
CLASSIFIED/TRAVELLING	2.6958797	6.8978496	1.0127707	9.410532	0.5468917	1.220273	
CLASSIFIED/TRAVELLING	3.2512567	7.4189444	1.0530523	9.699125	0.7036224	1.3435168	
CLASSIFIED/TRAVELLING	0.5929339	0.83385277	0.1189666	9.7820425	0.11022672	0.10996171	
CLASSIFIED/TRAVELLING	0.1772751	0.24906349	0.05629935	9.849678	0.028785182	0.052419785	
CLASSIFIED/TRAVELLING	0.14311449	0.27307987	0.04594043	9.844991	0.026573582	0.05113799	
CLASSIFIED/TRAVELLING	0.8729541	0.5500431	0.24123232	9.843611	0.22348322	0.0699074	
CLASSIFIED/TRAVELLING	5.2459335	6.1143494	4.1670556	8.734927	0.87020797	0.83091116	
CLASSIFIED/TRAVELLING	1.6022874	3.2781248	0.62521094	9.604845	0.33678132	0.6384697	
CLASSIFIED/TRAVELLING	2.1516092	3.6883087	0.7954	9.593222	0.48653293	0.6400588	
CLASSIFIED/TRAVELLING	0.14550535	0.21652794	0.04887442	9.407918	0.023621758	0.042248324	
CLASSIFIED/TRAVELLING	0.1636037	0.24587822	0.052385084	9.405079	0.03062263	0.047938056	
CLASSIFIED/TRAVELLING	1.2194366	1.0949507	0.45753458	9.400837	0.2711105	0.12544078	
CLASSIFIED/TRAVELLING	2.061286	5.111591	0.6388404	9.423641	0.40029734	0.869028	
CLASSIFIED/TRAVELLING	1.0330163	4.0713778	0.41414493	9.401567	0.23474984	0.50123465	
CLASSIFIED/TRAVELLING	2.6866121	1.287796	0.4280634	9.43462	0.27465743	0.24522075	
CLASSIFIED/TRAVELLING	0.77448356	1.0012054	0.28057277	9.419802	0.1619519	0.18687494	
CLASSIFIED/TRAVELLING	1.2440989	1.2887602	0.25169432	9.427484	0.18036546	0.16208585	
CLASSIFIED/TRAVELLING	1.4637079	0.9070349	0.4674765	9.44154	0.33448339	0.14377727	
CLASSIFIED/TRAVELLING	0.68941987	0.56678677	0.32952228	9.427264	0.16859958	0.11858401	
CLASSIFIED/TRAVELLING	1.6591629	1.7657862	0.439082	9.441911	0.34208778	0.23357789	
CLASSIFIED/TRAVELLING	1.7722178	3.4301915	0.6961684	9.403867	0.39220637	0.49900988	
CLASSIFIED/TRAVELLING	1.8148662	1.3455906	0.4793008	9.4192	0.31304058	0.1805294	
CLASSIFIED/TRAVELLING	0.18311308	0.27442455	0.055084627	9.4208	0.033253174	0.053940713	
CLASSIFIED/TRAVELLING	0.20886153	0.32472324	0.08268357	9.397832	0.042576972	0.066789754	
CLASSIFIED/TRAVELLING	1.0082612	0.8455076	0.42632514	9.398715	0.26109314	0.10684159	
CLASSIFIED/TRAVELLING	1.1244628	2.0690975	0.45404285	9.40138	0.27934295	0.3825954	
CLASSIFIED/TRAVELLING	1.9178885	3.930488	0.6587681	9.409189	0.39519882	0.72019166	
CLASSIFIED/TRAVELLING	1.9137956	3.7613025	0.6498652	9.377414	0.37183142	0.7763015	
CLASSIFIED/TRAVELLING	2.1496444	4.251214	0.93597424	9.514413	0.38479942	0.7067222	
CLASSIFIED/TRAVELLING	1.4734414	0.75588226	0.59303933	9.383155	0.38520125	0.11073574	
CLASSIFIED/TRAVELLING	0.12856643	0.24828625	0.045485187	9.398524	0.023179084	0.049189337	
CLASSIFIED/TRAVELLING	0.11038851	0.22830391	0.04751161	9.407096	0.023411196	0.04250151	
CLASSIFIED/TRAVELLING	0.11158264	0.23683453	0.051424965	9.395163	0.024503134	0.041284315	
CLASSIFIED/TRAVELLING	1.112341	0.7835007	0.47627002	9.396814	0.24386458	0.10169974	
CLASSIFIED/TRAVELLING	2.1092503	4.4934793	0.70818025	9.3603115	0.38254032	0.7200596	
CLASSIFIED/TRAVELLING	2.5525665	5.2522264	0.7640394	9.404139	0.4635579	1.0092107	
CLASSIFIED/TRAVELLING	1.572974	3.6920881	0.67683774	9.412499	0.32141343	0.60371655	
CLASSIFIED/TRAVELLING	1.5236475	2.9908438	0.542187	9.380622	0.25025058	0.48790056	
CLASSIFIED/TRAVELLING	1.4654303	2.7588415	0.4222894	9.406599	0.23887134	0.30343783	
CLASSIFIED/TRAVELLING	1.0022023	3.1493154	0.30921102	9.353591	0.15858419	0.4271936	
CLASSIFIED/TRAVELLING	1.0536222	1.2020702	0.5645118	9.392978	0.24815477	0.2877743	
CLASSIFIED/TRAVELLING	0.9663131	1.9079647	0.30793047	9.318316	0.2098037	0.34669268	
CLASSIFIED/TRAVELLING	0.759156	2.4126844	0.29088247	9.325818	0.15051489	0.32759738	
CLASSIFIED/TRAVELLING	0.83903354	1.1862164	0.28454718	9.368435	0.14110067	0.23509322	
CLASSIFIED/TRAVELLING	1.7547692	2.4669085	0.83630806	9.42412	0.33235785	0.41147316	
CLASSIFIED/TRAVELLING	0.23352323	0.44549942	0.07789298	9.401121	0.04659782	0.071580686	
CLASSIFIED/TRAVELLING	0.9368061	0.4732027	0.16164757	9.407872	0.1985737	0.06383425	
CLASSIFIED/TRAVELLING	1.5809395	2.718933	0.48368597	9.407161	0.24699453	0.36723644	
CLASSIFIED/TRAVELLING	1.5024617	2.1405344	0.43009257	9.377358	0.2682367	0.40524453	
CLASSIFIED/TRAVELLING	1.7066526	2.5405698	0.35492128	9.378727	0.23552723	0.4613843	
CLASSIFIED/TRAVELLING	1.312549	2.5279837	0.44614595	9.406754	0.27386713	0.44310924	
CLASSIFIED/TRAVELLING	0.68620604	0.49666023	0.42489994	9.914597	0.14816436	0.06785968	
CLASSIFIED/TRAVELLING	0.88416576	2.0314035	0.39317513	9.883414	0.23190068	0.38646275	
CLASSIFIED/TRAVELLING	1.5376263	1.2165194	0.39278665	9.947565	0.30222234	0.1980283	
CLASSIFIED/TRAVELLING	0.1882292	0.42158127	0.06748349	9.893554	0.037814863	0.0550395	
CLASSIFIED/TRAVELLING	0.1323418	0.185318	0.056760482	9.900554	0.028912624	0.038545623	
CLASSIFIED/TRAVELLING	0.13277885	0.21400928	0.05675109	9.885128	0.02709588	0.041852143	
CLASSIFIED/TRAVELLING	0.10173217	0.22185612	0.052203976	9.89179	0.023776263	0.04196663	
CLASSIFIED/TRAVELLING	2.5720925	2.6351109	0.917083	9.720774	0.66253406	0.3317498	
CLASSIFIED/TRAVELLING	1.367208	0.8032322	0.40569228	9.783125	0.36355543	0.12907076	
CLASSIFIED/TRAVELLING	1.390605	3.3055754	0.54364055	9.799905	0.28848815	0.58797735	
CLASSIFIED/TRAVELLING	1.517614	4.588739	0.4702986	9.78752	0.2902407	0.6888568	
CLASSIFIED/TRAVELLING	1.0825131	4.350688	0.38501877	9.773726	0.20827453	0.7543069	
CLASSIFIED/TRAVELLING	1.1792238	4.5005646	0.3991525	9.847671	0.24740686	0.7982017	
CLASSIFIED/TRAVELLING	1.7703125	2.7804651	0.42920175	9.855706	0.2450368	0.5149052	
CLASSIFIED/TRAVELLING	0.9630954	0.3428707	0.40892115	9.798071	0.24533905	0.06570558	
CLASSIFIED/TRAVELLING	0.9812294	1.2550478	0.54822546	9.75478	0.20973967	0.20795895	
CLASSIFIED/TRAVELLING	1.0458513	0.7181206	0.18941554	9.784003	0.17185847	0.12011843	
CLASSIFIED/TRAVELLING	0.2629152	0.3283863	0.10499106	9.763124	0.057111718	0.063406095	
CLASSIFIED/TRAVELLING	0.14554647	0.25273323	0.058223475	9.787313	0.027127601	0.051200893	
CLASSIFIED/TRAVELLING	0.12256861	0.23971748	0.05571444	9.780788	0.02188917	0.05279368	
CLASSIFIED/TRAVELLING	0.1610963	0.23375702	0.052055366	9.785206	0.029841302	0.049113546	
CLASSIFIED/TRAVELLING	0.2018756	0.27824306	0.054468255	9.853829	0.030954061	0.046605926	
CLASSIFIED/TRAVELLING	1.2040197	0.72641754	0.6380644	9.823742	0.27878344	0.109602824	
CLASSIFIED/TRAVELLING	1.3750305	2.8177967	0.67746866	9.811769	0.35350645	0.37990776	
CLASSIFIED/TRAVELLING	1.7089698	2.7838736	0.6808306	9.822804	0.3434029	0.42555678	
CLASSIFIED/TRAVELLING	1.1076435	1.0462399	0.6488193	9.808255	0.2051933	0.1629064	
CLASSIFIED/TRAVELLING	0.92787707	0.65591335	0.18670622	9.786065	0.1337482	0.09486552	
CLASSIFIED/TRAVELLING	0.13238187	0.21749496	0.048085235	9.806356	0.026245058	0.049659666	
CLASSIFIED/TRAVELLING	0.6697771	0.28187084	0.1540006	9.662296	0.14157529	0.054216813	
CLASSIFIED/TRAVELLING	1.6006649	1.7567644	0.49776778	9.642333	0.23777062	0.27104282	
CLASSIFIED/TRAVELLING	1.4057266	1.9006653	0.68456733	9.725399	0.3770552	0.40355065	
CLASSIFIED/TRAVELLING	1.3901088	0.77668095	0.51808757	9.720291	0.3491456	0.14586498	
CLASSIFIED/TRAVELLING	1.7830262	1.4890614	1.2186675	9.685993	0.48539376	0.27661446	
CLASSIFIED/TRAVELLING	2.234928	3.7668009	0.97591084	9.632572	0.51644367	0.611737	
CLASSIFIED/TRAVELLING	1.2046422	1.6419277	0.6834894	9.722962	0.3459239	0.23513733	
CLASSIFIED/TRAVELLING	0.96869904	0.4672203	0.1577447	9.613283	0.18788533	0.06631688	
CLASSIFIED/TRAVELLING	0.9060473	1.701479	0.51475793	9.650478	0.2125482	0.27746913	
CLASSIFIED/TRAVELLING	1.5251305	2.7082396	0.68118566	9.563941	0.36156994	0.5049867	
CLASSIFIED/TRAVELLING	1.0294223	2.750764	0.9351614	9.549553	0.22532845	0.398011	
CLASSIFIED/TRAVELLING	0.79260176	4.0120716	0.39548826	9.610616	0.17770925	0.6273063	
CLASSIFIED/TRAVELLING	0.8626669	2.4473066	0.35522747	9.581772	0.1978983	0.4974171	
CLASSIFIED/TRAVELLING	1.4226395	3.1923618	0.50024176	9.614954	0.27809826	0.410271	
CLASSIFIED/TRAVELLING	7.0747247	7.787924	2.4275968	9.723105	1.4392898	1.4411244	
CLASSIFIED/TRAVELLING	2.5231824	3.5882568	2.025122	9.821096	0.6531695	0.5892427	
CLASSIFIED/TRAVELLING	4.073173	4.5133834	1.4006833	9.921569	0.9121025	0.82155395	
CLASSIFIED/TRAVELLING	2.7756844	1.4581432	1.5365107	9.73269	0.7569293	0.36548316	
CLASSIFIED/TRAVELLING	2.7521725	3.7282467	0.9315835	9.820372	0.5372312	0.8450434	
CLASSIFIED/TRAVELLING	3.2678237	4.385451	1.1010898	9.797531	0.73973435	0.74281555	
CLASSIFIED/TRAVELLING	5.4243236	7.6290827	2.5241356	8.975928	1.1733407	1.2122006	
CLASSIFIED/TRAVELLING	0.8124305	2.0148144	0.2869025	9.611981	0.15025713	0.3655401	
CLASSIFIED/TRAVELLING	1.1405352	1.9583178	0.358971	9.604822	0.21619634	0.32800764	
CLASSIFIED/TRAVELLING	0.78066105	1.4419212	0.28253174	9.61067	0.16293961	0.3317578	
CLASSIFIED/TRAVELLING	0.52937883	2.191329	0.2925096	9.587746	0.1235607	0.37142673	
CLASSIFIED/TRAVELLING	0.5599977	2.4958925	0.22963957	9.580788	0.10849861	0.35073102	
CLASSIFIED/TRAVELLING	0.9751295	1.8294468	0.49806604	9.559373	0.23789793	0.37476215	
CLASSIFIED/TRAVELLING	2.2806654	1.9687576	1.2763095	9.587867	0.6711543	0.25722852	
CLASSIFIED/TRAVELLING	12.34453	14.794665	7.1625886	5.2584796	2.4942577	3.9689589	
CLASSIFIED/TRAVELLING	4.9276524	5.946179	2.6281593	9.090951	1.1768776	1.4961629	
CLASSIFIED/TRAVELLING	3.7731044	4.823654	1.3413519	10.180457	0.9360664	1.1488425	
CLASSIFIED/TRAVELLING	2.825162	5.320072	0.7781277	11.076489	0.34429842	1.9110096	
CLASSIFIED/TRAVELLING	3.87198	3.7387962	1.3571908	10.0368185	0.95758766	0.83246076	
CLASSIFIED/TRAVELLING	5.424565	7.378627	1.7531651	10.130538	1.4023069	1.667036	
CLASSIFIED/TRAVELLING	1.0556142	0.38409805	0.3157422	9.449765	0.2188118	0.079997696	
CLASSIFIED/TRAVELLING	0.21651478	0.38397598	0.14507993	9.442411	0.059296455	0.0836195	
CLASSIFIED/TRAVELLING	0.27310112	9.575954	0.084149	6.776671	0.07514668	4.239728	
CLASSIFIED/WALKING	9.374378	16.860035	4.6383376	7.426185	3.0752723	4.0024557	
CLASSIFIED/WALKING	5.8194036	13.996082	1.8864566	9.977444	1.3145405	3.8210776	
CLASSIFIED/WALKING	5.251194	13.86997	1.8131378	10.332473	1.2084924	3.747433	
CLASSIFIED/WALKING	4.452602	14.146775	1.6182318	10.504464	1.1005049	3.8272278	
CLASSIFIED/WALKING	6.661831	14.393685	1.9632193	10.62264	1.5183253	3.9253635	
CLASSIFIED/WALKING	5.8034425	15.194881	1.8682781	10.614772	1.2969733	3.777713	
CLASSIFIED/WALKING	6.174834	14.287084	1.880041	10.695624	1.2734356	3.885796	
CLASSIFIED/WALKING	9.374378	16.860035	4.6383376	7.426185	3.0752723	4.0024557	
CLASSIFIED/WALKING	9.374378	16.860035	4.6383376	7.426185	3.0752723	4.0024557	
CLASSIFIED/WALKING	5.8194036	13.996082	1.8864566	9.977444	1.3145405	3.8210776	
CLASSIFIED/WALKING	5.251194	13.86997	1.8131378	10.332473	1.2084924	3.747433	
CLASSIFIED/WALKING	4.452602	14.146775	1.6182318	10.504464	1.1005049	3.8272278	
CLASSIFIED/WALKING	6.661831	14.393685	1.9632193	10.62264	1.5183253	3.9253635	
CLASSIFIED/WALKING	5.8034425	15.194881	1.8682781	10.614772	1.2969733	3.777713	
CLASSIFIED/WALKING	6.174834	14.287084	1.880041	10.695624	1.2734356	3.885796	
CLASSIFIED/WALKING	9.374378	16.860035	4.6383376	7.426185	3.0752723	4.0024557	
CLASSIFIED/WALKING	5.8194036	13.996082	1.8864566	9.977444	1.3145405	3.8210776	
CLASSIFIED/WALKING	5.251194	13.86997	1.8131378	10.332473	1.2084924	3.747433	
CLASSIFIED/WALKING	4.452602	14.146775	1.6182318	10.504464	1.1005049	3.8272278	
CLASSIFIED/WALKING	6.661831	14.393685	1.9632193	10.62264	1.5183253	3.9253635	
CLASSIFIED/WALKING	5.8034425	15.194881	1.8682781	10.614772	1.2969733	3.777713	
CLASSIFIED/WALKING	6.174834	14.287084	1.880041	10.695624	1.2734356	3.885796	
CLASSIFIED/WALKING	9.374378	16.860035	4.6383376	7.426185	3.0752723	4.0024557	
CLASSIFIED/WALKING	5.8194036	13.996082	1.8864566	9.977444	1.3145405	3.8210776	
CLASSIFIED/WALKING	5.251194	13.86997	1.8131378	10.332473	1.2084924	3.747433	
CLASSIFIED/WALKING	4.452602	14.146775	1.6182318	10.504464	1.1005049	3.8272278	
CLASSIFIED/WALKING	6.661831	14.393685	1.9632193	10.62264	1.5183253	3.9253635	
CLASSIFIED/WALKING	5.8034425	15.194881	1.8682781	10.614772	1.2969733	3.777713	
CLASSIFIED/WALKING	6.174834	14.287084	1.880041	10.695624	1.2734356	3.885796	
CLASSIFIED/WALKING	11.299786	5.095077	0.83285946	9.65114	1.2542344	0.6778255	
CLASSIFIED/WALKING	12.868221	12.645414	2.5015867	9.865389	2.3860726	1.8930907	
CLASSIFIED/WALKING	4.776971	8.224645	1.6113278	10.066309	0.98886347	1.5792909	
CLASSIFIED/WALKING	4.81808	8.144707	1.8280841	10.008209	0.94648504	1.8047607	
CLASSIFIED/WALKING	5.635951	6.9698625	1.8552035	10.033057	0.95929974	1.4819746	
CLASSIFIED/WALKING	4.174198	8.126472	1.7443963	10.073593	0.9051639	1.5725973	
CLASSIFIED/WALKING	3.741339	7.260922	1.7779638	9.950601	0.837803	1.548758	
CLASSIFIED/WALKING	9.374378	16.860035	4.6383376	7.426185	3.0752723	4.0024557	
CLASSIFIED/WALKING	5.8194036	13.996082	1.8864566	9.977444	1.3145405	3.8210776	
CLASSIFIED/WALKING	5.251194	13.86997	1.8131378	10.332473	1.2084924	3.747433	
CLASSIFIED/WALKING	4.452602	14.146775	1.6182318	10.504464	1.1005049	3.8272278	
CLASSIFIED/WALKING	6.661831	14.393685	1.9632193	10.62264	1.5183253	3.9253635	
CLASSIFIED/WALKING	5.8034425	15.194881	1.8682781	10.614772	1.2969733	3.777713	
CLASSIFIED/WALKING	6.174834	14.287084	1.880041	10.695624	1.2734356	3.885796	
CLASSIFIED/WALKING	9.374378	16.860035	4.6383376	7.426185	3.0752723	4.0024557	
CLASSIFIED/WALKING	5.8194036	13.996082	1.8864566	9.977444	1.3145405	3.8210776	
CLASSIFIED/WALKING	5.251194	13.86997	1.8131378	10.332473	1.2084924	3.747433	
CLASSIFIED/WALKING	4.452602	14.146775	1.6182318	10.504464	1.1005049	3.8272278	
CLASSIFIED/WALKING	9.374378	16.860035	4.6383376	7.426185	3.0752723	4.0024557	
CLASSIFIED/WALKING	5.8194036	13.996082	1.8864566	9.977444	1.3145405	3.8210776	
CLASSIFIED/WALKING	5.251194	13.86997	1.8131378	10.332473	1.2084924	3.747433	
CLASSIFIED/WALKING	4.452602	14.146775	1.6182318	10.504464	1.1005049	3.8272278	
CLASSIFIED/WALKING	6.661831	14.393685	1.9632193	10.62264	1.5183253	3.9253635	
CLASSIFIED/WALKING	5.8034425	15.194881	1.8682781	10.614772	1.2969733	3.777713	
CLASSIFIED/WALKING	6.174834	14.287084	1.880041	10.695624	1.2734356	3.885796	
CLASSIFIED/WALKING	1.443778	0.7128048	0.26591325	9.737791	0.35312515	0.087266184	
CLASSIFIED/WALKING	0.0	0.0	2.396077E-6	9.734433	0.0	0.0	
CLASSIFIED/WALKING	0.0	0.0	2.396077E-6	9.734433	0.0	0.0	
CLASSIFIED/WALKING	0.0	0.0	2.396077E-6	9.734433	0.0	0.0	
CLASSIFIED/WALKING	9.374378	16.860035	4.6383376	7.426185	3.0752723	4.0024557	
CLASSIFIED/WALKING	5.8194036	13.996082	1.8864566	9.977444	1.3145405	3.8210776	
CLASSIFIED/WALKING	5.251194	13.86997	1.8131378	10.332473	1.2084924	3.747433	
CLASSIFIED/WALKING	4.452602	14.146775	1.6182318	10.504464	1.1005049	3.8272278	
CLASSIFIED/WALKING	6.661831	14.393685	1.9632193	10.62264	1.5183253	3.9253635	
CLASSIFIED/WALKING	5.8034425	15.194881	1.8682781	10.614772	1.2969733	3.777713	
CLASSIFIED/WALKING	6.174834	14.287084	1.880041	10.695624	1.2734356	3.885796	
CLASSIFIED/WALKING	5.0049157	11.407761	1.6649789	10.555599	1.0257441	2.9509995	
CLASSIFIED/WALKING	4.4655027	12.757299	1.7150227	10.15542	1.0522726	3.3617213	
CLASSIFIED/WALKING	4.760059	12.082193	1.671877	10.406423	0.98477536	3.4231632	
CLASSIFIED/WALKING	4.0718274	11.918117	1.6165701	10.332209	0.94650537	3.160513	
CLASSIFIED/WALKING	5.1269474	10.618234	1.6533524	9.890525	1.0243537	3.215354	
CLASSIFIED/WALKING	4.092969	11.998726	1.7068422	10.346476	0.92386955	3.2244205	
CLASSIFIED/WALKING	3.9299736	11.723946	1.7573581	10.45181	1.003802	3.2137089	
CLASSIFIED/WALKING	9.374378	16.860035	4.6383376	7.426185	3.0752723	4.0024557	
CLASSIFIED/WALKING	5.8194036	13.996082	1.8864566	9.977444	1.3145405	3.8210776	
CLASSIFIED/WALKING	5.251194	13.86997	1.8131378	10.332473	1.2084924	3.747433	
CLASSIFIED/WALKING	4.452602	14.146775	1.6182318	10.504464	1.1005049	3.8272278	
CLASSIFIED/WALKING	6.661831	14.393685	1.9632193	10.62264	1.5183253	3.9253635	
CLASSIFIED/WALKING	5.8034425	15.194881	1.8682781	10.614772	1.2969733	3.777713	
CLASSIFIED/WALKING	6.174834	14.287084	1.880041	10.695624	1.2734356	3.885796	
CLASSIFIED/WALKING	9.374378	16.860035	4.6383376	7.426185	3.0752723	4.0024557	
CLASSIFIED/WALKING	5.8194036	13.996082	1.8864566	9.977444	1.3145405	3.8210776	
CLASSIFIED/WALKING	5.251194	13.86997	1.8131378	10.332473	1.2084924	3.747433	
CLASSIFIED/WALKING	4.452602	14.146775	1.6182318	10.504464	1.1005049	3.8272278	
CLASSIFIED/WALKING	6.661831	14.393685	1.9632193	10.62264	1.5183253	3.9253635	
CLASSIFIED/WALKING	10.612195	7.1732006	2.4331348	9.036241	2.5237553	1.6319871	
CLASSIFIED/WALKING	10.220429	11.08075	4.1788898	8.30428	2.5632176	2.1969504	
CLASSIFIED/WALKING	7.516704	6.2936625	4.286506	8.55823	1.7971765	1.4168545	
CLASSIFIED/WALKING	9.558257	13.15834	2.6939213	9.11428	2.0955656	1.5729251	
CLASSIFIED/WALKING	2.011658	1.6266136	0.73856354	9.669264	0.4810514	0.3085532	
CLASSIFIED/WALKING	4.2939806	2.7912483	1.4432746	9.372977	0.90987855	0.47972605	
CLASSIFIED/WALKING	10.723712	10.863352	3.5244005	8.951773	1.9537182	1.5933105	
CLASSIFIED/WALKING	4.513764	16.484964	2.1337128	10.320258	0.98451805	3.2181447	
CLASSIFIED/WALKING	4.9416003	17.012684	2.48362	10.225936	1.0052781	3.0429287	
CLASSIFIED/WALKING	4.9571953	16.092886	2.193928	10.220452	1.1554933	3.1728675	
CLASSIFIED/WALKING	6.289847	17.476246	2.5920117	10.140283	1.2995553	3.0850346	
CLASSIFIED/WALKING	6.301442	20.573723	2.6508443	10.305679	1.5018384	3.44466	
CLASSIFIED/WALKING	5.7229247	17.860893	2.2138104	10.01472	1.1860093	3.070624	
CLASSIFIED/WALKING	5.897264	16.370955	2.5246708	10.041662	1.308534	3.3739696	
CLASSIFIED/WALKING	7.6077375	18.705154	2.6899352	9.009663	1.7114873	4.175612	
CLASSIFIED/WALKING	8.019138	18.46098	2.827749	8.927307	1.7654067	4.460978	
CLASSIFIED/WALKING	8.932059	22.181273	3.1872559	8.921176	1.875045	5.1574287	
CLASSIFIED/WALKING	8.270571	21.530807	3.2591772	9.017274	1.8798062	5.207196	
CLASSIFIED/WALKING	8.762093	21.570805	3.0207334	9.048671	2.0425944	5.2832685	
CLASSIFIED/WALKING	8.779017	22.639408	2.9435775	9.131591	1.8397326	5.0343494	
CLASSIFIED/WALKING	8.393704	19.470882	2.8382561	8.797133	1.8964249	4.829622	
CLASSIFIED/WALKING	12.121305	20.914122	2.9247336	9.047772	2.140476	4.78624	
CLASSIFIED/WALKING	7.8197217	19.761599	2.5740554	8.413995	1.8218427	4.882651	
CLASSIFIED/WALKING	7.8074126	20.667227	2.7154768	8.299624	1.8250383	5.162573	
CLASSIFIED/WALKING	9.981717	22.17846	2.8445098	8.731499	2.103778	5.347867	
CLASSIFIED/WALKING	10.024909	21.627472	2.7069237	8.827337	1.918666	5.011423	
CLASSIFIED/WALKING	8.241573	20.64661	2.5666056	8.564262	1.7637353	5.0897317	
CLASSIFIED/WALKING	11.845787	19.365513	2.8698897	8.655236	2.0717056	4.791574	
CLASSIFIED/WALKING	8.4053135	21.646217	3.043033	10.112033	1.7639408	5.0737643	
CLASSIFIED/WALKING	7.511974	20.766514	3.0268128	10.019723	1.6914023	4.9650054	
CLASSIFIED/WALKING	12.050892	22.066227	3.115439	10.053612	1.8891287	5.0984473	
CLASSIFIED/WALKING	7.085699	20.197493	3.0864491	9.850804	1.644361	4.9661264	
CLASSIFIED/WALKING	6.942889	21.097961	2.8761678	10.088356	1.6877574	4.924655	
CLASSIFIED/WALKING	6.84143	21.446924	2.7265525	10.095343	1.722955	4.8899965	
CLASSIFIED/WALKING	7.2940874	20.656946	2.9582117	9.987447	1.7331089	4.774795	
CLASSIFIED/WALKING	8.88943	20.01876	2.6752996	9.976585	1.936353	4.679508	
CLASSIFIED/WALKING	9.301538	21.332935	2.840536	10.218226	1.9547265	5.0198336	
CLASSIFIED/WALKING	9.037143	21.370275	2.808431	10.210316	1.9978899	4.852258	
CLASSIFIED/WALKING	9.203776	20.958744	2.6255167	10.017591	1.9286207	4.626932	
CLASSIFIED/WALKING	9.472956	21.038984	2.8287952	9.771457	2.076239	4.853381	
CLASSIFIED/WALKING	8.749129	20.890978	2.741676	10.188889	1.9762232	4.649533	
CLASSIFIED/WALKING	8.125611	21.777061	2.7565532	10.05064	1.9354427	4.692219	
CLASSIFIED/WALKING	8.230756	22.22347	3.02427	10.506046	1.8732244	5.071974	
CLASSIFIED/WALKING	8.609352	22.29599	2.927198	9.851097	1.8786693	4.8804083	
CLASSIFIED/WALKING	8.130083	22.686213	3.0671573	10.116588	1.8528374	5.0746884	
CLASSIFIED/WALKING	10.756646	21.468006	3.217565	10.16369	2.0048246	5.041277	
CLASSIFIED/WALKING	7.7413664	22.789042	3.2567756	9.991431	1.9148409	5.4939723	
CLASSIFIED/WALKING	7.339325	23.284462	3.109504	9.824494	1.7837881	5.3287315	
CLASSIFIED/WALKING	7.3025584	21.712818	3.000029	10.374023	1.7228863	4.907118	
CLASSIFIED/WALKING	7.701888	18.969679	2.9985883	9.955204	1.6180902	3.9127977	
CLASSIFIED/WALKING	8.080604	18.38244	2.6856623	9.614573	1.5996236	4.0478916	
CLASSIFIED/WALKING	10.708841	17.845484	2.9119377	9.748848	1.9161116	3.5665426	
CLASSIFIED/WALKING	8.171149	16.435068	2.9671829	9.5835495	1.7858955	3.2763991	
CLASSIFIED/WALKING	8.333277	18.141468	2.9776793	9.574262	1.861277	3.666562	
CLASSIFIED/WALKING	7.895098	18.959522	2.7874134	9.77931	1.5853163	3.377916	
CLASSIFIED/WALKING	6.3344116	12.812957	2.284289	9.901003	1.2830441	2.3562477	
CLASSIFIED/WALKING	14.764018	18.629625	3.738348	9.836611	2.5086985	4.6268687	
CLASSIFIED/WALKING	11.395121	19.47717	3.9553409	10.022849	2.5944533	4.5797577	
CLASSIFIED/WALKING	10.622556	18.283895	4.2675543	9.5189	2.7721868	4.3821464	
CLASSIFIED/WALKING	12.410141	18.11403	4.260732	9.605488	2.6206574	4.4046917	
CLASSIFIED/WALKING	11.612459	19.169683	4.0972123	9.492746	2.7381978	4.5914435	
CLASSIFIED/WALKING	10.428026	20.244791	4.2269197	9.288366	2.569909	4.6621976	
CLASSIFIED/WALKING	12.121931	19.413227	4.3329663	9.555336	2.572155	4.7056665	
CLASSIFIED/WALKING	10.944777	17.543375	2.9936118	10.36836	2.0979507	4.001608	
CLASSIFIED/WALKING	11.347369	16.01774	2.5029132	9.948057	1.8039513	2.6823776	
CLASSIFIED/WALKING	7.9829745	22.680231	2.9442756	10.03772	1.737129	4.4511666	
CLASSIFIED/WALKING	10.755278	15.179729	2.8409882	10.086447	1.7902597	3.4105392	
CLASSIFIED/WALKING	8.937959	14.715629	2.3494167	9.792752	1.6307045	3.1647143	
CLASSIFIED/WALKING	9.61281	14.2352	2.8275201	9.638759	1.77556	3.031978	
CLASSIFIED/WALKING	9.539685	16.39947	2.4286819	9.579154	1.74828	3.147183	
CLASSIFIED/WALKING	13.112263	11.548265	4.8841953	9.733583	2.3882499	2.4552686	
CLASSIFIED/WALKING	2.989424	2.6420689	1.1651952	10.426576	0.5526508	0.5584718	
CLASSIFIED/WALKING	2.3967977	2.9731922	0.6687328	10.433413	0.47338387	0.34574184	
CLASSIFIED/WALKING	2.855415	4.4533253	1.2279059	10.403426	0.59331197	1.0338436	
CLASSIFIED/WALKING	3.696567	3.0691147	1.0592228	10.494798	0.59909457	0.6440763	
CLASSIFIED/WALKING	2.096105	4.493529	0.53886503	10.460168	0.3243201	0.45730335	
CLASSIFIED/WALKING	1.7720339	2.4744225	1.0397938	10.447525	0.37875086	0.42933524	
CLASSIFIED/WALKING	2.4815066	4.9384327	1.6781793	10.634444	0.601627	1.3020588	
CLASSIFIED/WALKING	3.9191298	6.15097	1.6191584	9.972479	0.87894887	1.3241382	
CLASSIFIED/WALKING	2.9796352	5.523154	1.8542783	9.983371	0.8654001	1.3064057	
CLASSIFIED/WALKING	2.1327028	5.4160366	1.5173508	9.894231	0.52739125	1.3232875	
CLASSIFIED/WALKING	10.883543	7.71673	7.333864	6.3007674	2.3048801	1.9297359	
CLASSIFIED/WALKING	0.61796284	0.80227375	0.09685024	10.002815	0.08205936	0.16890897	
CLASSIFIED/WALKING	4.8310847	8.666849	1.9052931	10.168464	1.01708	1.8515921	
CLASSIFIED/WALKING	4.934168	9.215269	1.9546034	10.185075	1.1372439	1.9820987	
CLASSIFIED/WALKING	5.244273	10.118392	1.836112	10.170453	1.1333969	2.0674443	
CLASSIFIED/WALKING	15.053711	16.549013	5.414236	7.931855	3.1047962	3.0789907	
CLASSIFIED/WALKING	11.504393	17.193542	3.319373	8.228681	3.017904	3.8328977	
CLASSIFIED/WALKING	24.565147	40.65909	5.94796	5.3971167	4.331311	6.334009	
CLASSIFIED/WALKING	9.94298	10.356516	5.3628426	7.3618326	2.3792298	2.5637238	
CLASSIFIED/WALKING	17.67892	18.628525	5.5615826	8.056151	3.4168644	3.080826	
CLASSIFIED/WALKING	13.475143	23.35479	4.8051977	10.626652	3.796588	5.3476577	
CLASSIFIED/WALKING	9.586935	26.74873	4.489381	12.620232	2.040858	7.247323	
CLASSIFIED/WALKING	10.706226	15.005758	4.4382925	8.590162	2.4989388	2.2286358	
CLASSIFIED/WALKING	1.0369453	3.4828262	0.8245696	22.263838	0.23521274	1.4428598	
CLASSIFIED/WALKING	3.9648428	4.1016216	1.6223297	21.369558	0.7355393	1.4353381	
CLASSIFIED/WALKING	2.4273694	5.128809	0.9271913	22.857378	0.568307	1.4492584	
CLASSIFIED/WALKING	1.81217	1.0110531	0.914732	23.78888	0.4337284	0.17050317	
CLASSIFIED/WALKING	2.4745038	1.1657677	0.85674936	23.705853	0.5154895	0.17514262	
CLASSIFIED/WALKING	1.8754661	1.1026363	0.25033444	23.687473	0.30507123	0.095363714	
